<   SUSPP:SUT=PB;

SUBSCRIBER CLASS DATA

SUT   COS    SCL
PB

SNB
6642008000     6642907447     6643803044     6643827052     6646092222
6646092227     6646092505     6646093400     6646094476     6646094540
6646096040     6646097000     6646097084     6646098070     6646099799
6646211090     6646239975     6646300046     6646300281     6646300310
6646300428     6646300471     6646300500     6646301671     6646301825
6646301870     6646303000     6646304346     6646304472     6646305054
6646305865     6646307953     6646308100     6646308109     6646308505
6646308822     6646308830     6646309002     6646309454     6646311000
6646311026     6646311095     6646311228     6646311375     6646311550
6646313333     6646313401     6646313458     6646313670     6646313680
6646313736     6646314475     6646314706     6646316200     6646316600
6646316700     6646316850     6646316901     6646316909     6646316999
6646339173     6646801850     6646801903     6646801910     6646802271
6646802784     6646802869     6646802902     6646804250     6646804490
6646805000     6646805542     6646805729     6646805830     6646806189
6646806248     6646806378     6646806654     6646806775     6646807555
6646808863     6646809056     6646809101     6646809200     6646809292
6646809751     6646809930
END

